4
CH3
C                       -0.00001      0.00000       0.00000
H                       1.07753       0.00000       0.00000
H                       -0.53876      -0.93315      0.00000
H                       -0.53876      0.93315       0.00000
2
ClO
O                       0.00000       0.00000       -0.01092
Cl                       0.00000       0.00000       1.58052
3
HCO
C                       -0.00370      0.03603       0.00000
H                       1.11219       -0.03047      0.00000
O                       -0.61839      1.03714       0.00000
3
NH2
N                       0.00000       0.00000       -0.00429
H                       0.00000       0.79913       0.63685
H                       0.00000       -0.79913      0.63685
2
NH
N                       0.00000       0.00000       -0.00037
H                       0.00000       0.00000       1.03657
3
NO2
N                       0.00000       0.00000       0.00723
O                       0.00000       1.09577       0.46169
O                       0.00000       -1.09577      0.46169
2
NO
O                       0.00000       0.00000       0.00201
N                       0.00000       0.00000       1.14879
2
O2
O                       0.00000       0.00000       0.00412
O                       0.00000       0.00000       1.20338
2
OH
O                       0.00000       0.00000       0.00040
H                       0.00000       0.00000       0.96930
2
S2
S                        0.00000       0.00000       -0.00660
S                        0.00000       0.00000       1.89580
4
SiH3
Si                       0.00000       0.00002       0.07245
H                       0.00000       1.41239       -0.37884
H                       1.22308       -0.70620      -0.37885
H                       -1.22308      -0.70620      -0.37885
2
H2
H                       -0.02532      0.00000       0.00000
H                       0.71732       0.00000       0.00000
2
Cl2
Cl                       1.09254       0.02620       0.05790
Cl                       3.10196       0.02620       0.05790
2
ClF
Cl                       1.01187       0.07110       -0.06180
F                        2.64493       0.07110       -0.06180
2
CO
C                       1.03288       -0.06310      0.06570
O                       2.16162       -0.06310      0.06570
2
CS
S                        0.92062       -0.05670      -0.05130
C                       2.45898       -0.05670      -0.05130
2
F2
F                        0.82404       -0.03620      -0.07950
F                        2.21866       -0.03620      -0.07950
2
HCl
Cl                       1.05959       0.07230       -0.06110
H                       2.33511       0.07230       -0.06110
2
HF
F                        0.94706       0.03350       -0.08730
H                       1.86224       0.03350       -0.08730
2
N2
N                       0.98510       -0.07970      -0.05610
N                       2.08180       -0.07970      -0.05610
2
P2
P                        0.90979       0.06470       0.02710
P                        2.80941       0.06470       0.02710
2
SiO
Si                       1.07948       -0.00650      0.02780
O                       2.59472       -0.00650      0.02780
2
NaCl
Na                      0.00000       0.00000       -0.02093
Cl                       0.00000       0.00000       2.38173
3
CO2
C                       1.04680       -0.02420      0.08590
O                       -0.11240      -0.02420      0.08590
O                       2.20600       -0.02420      0.08590
3
H2O
O                       0.94283       0.05315       0.05001
H                       1.89881       0.07934       0.08854
H                       0.66806       0.56872       0.80815
3
H2S
S                        1.03222       -0.02993      0.09444
H                       2.35635       0.11602       -0.03768
H                       0.77653       0.94421       -0.78746
3
HCN
C                       0.96319       -0.08000      -0.00530
N                       2.11600       -0.08000      -0.00530
H                       -0.10169      -0.08000      -0.00530
3
SO2
O                       1.08323       -0.02592      -0.08092
S                        2.51794       -0.12999      -0.03174
O                       3.10473       -1.31799      0.53036
3
CS2
C                       0.00000       0.00000       0.00000
S                        0.00000       0.00000       1.55702
S                        0.00000       0.00000       -1.55702
3
SiF2
Si                       0.00000       0.00000       0.57833
F                        0.00000       1.23253       -0.44761
F                        0.00000       -1.23253      -0.44761
3
F2O
O                       0.00000       0.00000       0.59935
F                        0.00000       1.09001       -0.26597
F                        0.00000       -1.09001      -0.26597
3
NNO
N                       -0.08435      0.26528       0.00000
N                       0.87330       -0.31551      0.00000
O                       1.88605       -0.92987      0.00000
3
NSF
F                        0.87531       0.00178       -0.00489
S                        2.51951       -0.05071      -0.07686
N                       3.07188       -0.83957      -1.15965
3
O3
O                       0.00000       0.00000       0.01470
O                       0.00000       1.06906       0.66235
O                       0.00000       -1.06906      0.66235
3
OCS
C                       17.02212      9.01306       0.00000
O                       18.01546      9.59735       0.00000
S                        15.66812      8.21649       0.00000
3
FCN
F                        0.96769       -0.09100      -0.03420
C                       2.23323       -0.09100      -0.03420
N                       3.38779       -0.09100      -0.03420
3
HOCl
Cl                       0.02164       -0.05931      0.00000
O                       1.71134       0.08087       0.00000
H                       1.99813       -0.83737      0.00000
4
CH2O
C                       1.06493       0.07730       -0.05705
O                       2.26797       0.07728       -0.05703
H                       0.48280       -0.60534      -0.69542
H                       0.48280       0.75995       0.58131
4
H2O2
O                       0.94824       0.03717       0.08538
O                       2.38603       -0.04345      0.12439
H                       0.72819       -0.88918      -0.04530
H                       2.60604       0.42766       -0.68387
4
NH3
N                       1.04593       0.07705       -0.03028
H                       2.05607       0.04217       -0.07695
H                       0.73693       -0.88467      0.02802
H                       0.73737       0.41396       -0.93309
4
PH3
P                        1.01043       -0.05944      0.25329
H                       2.39024       0.04013       -0.05114
H                       0.70163       -0.75649      -0.94053
H                       0.70160       1.20890       -0.29662
4
C2N2
C                       0.98493       0.00000       0.00000
N                       -0.17064      0.00000       0.00000
C                       2.37667       0.00000       0.00000
N                       3.53224       0.00000       0.00000
4
HCCF
C                       0.00000       0.00000       -0.09343
C                       0.00000       0.00000       -1.28935
F                        0.00000       0.00000       1.18473
H                       0.00000       0.00000       -2.34875
4
AlCl3
Al                       0.00000       0.00000       0.00000
Cl                       0.00000       2.08098       0.00000
Cl                       1.80218       -1.04049      0.00000
Cl                       -1.80218      -1.04049      0.00000
4
BCl3
B                       0.00000       -0.00003      0.00000
Cl                       0.00000       1.74442       0.00000
Cl                       1.51073       -0.87225      0.00000
Cl                       -1.51073      -0.87225      0.00000
4
BF3
B                       0.00000       0.00000       0.00000
F                        0.00000       1.30969       0.00000
F                        1.13422       -0.65484      0.00000
F                        -1.13422      -0.65484      0.00000
4
CF2O
O                       0.00000       0.00000       1.31040
C                       0.00000       0.00000       0.13987
F                        0.00000       1.05728       -0.62874
F                        0.00000       -1.05728      -0.62874
4
ClF3
Cl                       0.00000       0.00000       0.36702
F                        0.00000       0.00000       -1.23008
F                        0.00000       1.69153       0.27283
F                        0.00000       -1.69153      0.27283
4
H2CS
S                        0.00000       -0.00001      0.58764
C                       0.00000       0.00001       -1.02540
H                       0.00000       0.92102       -1.59993
H                       0.00000       -0.92102      -1.59991
4
NF3
N                       0.00000       -0.00002      0.47478
F                        0.00000       1.22074       -0.12317
F                        1.05722       -0.61041      -0.12316
F                        -1.05722      -0.61041      -0.12316
4
PF3
P                        0.00000       0.00000       0.50843
F                        -0.00000      1.36300       -0.27178
F                        1.18039       -0.68150      -0.27178
F                        -1.18039      -0.68150      -0.27178
4
C2H2
C                       1.04014       0.05470       0.06950
C                       2.24341       0.05470       0.06950
H                       -0.02188      0.05470       0.06950
H                       3.30543       0.05470       0.06950
5
C3O2
C                       3.25974       1.78670       0.13526
C                       2.14340       1.17474       0.08891
C                       1.02703       0.56284       0.04257
O                       4.27303       2.34217       0.17733
O                       0.01370       0.00745       0.00054
5
CBrF3
C                       0.00000       -0.00002      -0.80977
Br                       0.00000       -0.00001      1.12001
F                        -0.00000      1.23851       -1.26659
F                        1.07260       -0.61929      -1.26657
F                        -1.07260      -0.61929      -1.26657
5
CCl2F2
C                       -0.00000      -0.00000      0.33749
F                        0.00000       1.07213       1.11683
F                        0.00000       -1.07213      1.11683
Cl                       1.45735       0.00000       -0.65392
Cl                       -1.45735      0.00000       -0.65392
5
CCl3H
C                       0.00000       0.00000       0.47696
H                       -0.00000      -0.00000      1.55639
Cl                       -0.00000      1.68330       -0.06418
Cl                       1.45778       -0.84165      -0.06418
Cl                       -1.45778      -0.84165      -0.06418
5
CCl4
Cl                       -0.01681      2.05215       2.16882
C                       1.16702       1.10649       1.25065
Cl                       0.33554       0.19099       -0.01794
Cl                       1.99903       -0.01595      2.34000
Cl                       2.35022       2.19862       0.51176
5
CClF3
Cl                       2.45260       0.02748       0.05203
C                       1.23592       0.62167       1.17288
F                        1.37689       0.04117       2.34950
F                        1.35652       1.92655       1.32790
F                        0.02647       0.36022       0.71448
5
CF4
F                        1.30365       0.02102       0.24956
C                       1.09304       1.26658       0.61328
F                        0.92086       1.31968       1.91543
F                        0.01804       1.72340       0.01014
F                        2.12961       2.00223       0.27799
5
CFCl3
Cl                       1.73032       2.16134       2.65122
C                       1.23454       1.14390       1.29494
Cl                       0.02108       -0.02983      1.81499
Cl                       0.60721       2.13679       -0.02455
F                        2.30245       0.47960       0.85280
5
CH2Cl2
C                       0.00000       0.00000       0.76753
H                       -0.89404      0.00000       1.37615
H                       0.89404       0.00000       1.37615
Cl                       -0.00000      1.47451       -0.21627
Cl                       -0.00000      -1.47451      -0.21627
5
CH2CO
C                       0.00000       0.00000       0.00123
C                       0.00000       0.00000       1.31513
O                       0.00000       0.00000       2.47508
H                       0.00000       0.94022       -0.52132
H                       0.00000       -0.94022      -0.52132
5
CH2F2
F                        -0.03046      0.02289       1.32053
C                       0.74970       0.97653       0.76877
F                        1.81320       0.38028       0.18916
H                       1.10385       1.63939       1.55528
H                       0.17900       1.49821       0.00356
5
CH3Cl
H                       0.00701       1.19122       1.61847
C                       0.64957       0.98733       0.76921
H                       0.51368       1.74185       0.00245
H                       0.44559       0.00046       0.36900
Cl                       2.34795       1.03654       1.31847
5
CH3F
F                        -0.02220      1.62050       0.35640
C                       1.14649       1.04265       0.79870
H                       0.95582       0.00186       1.05467
H                       1.50016       1.57937       1.67732
H                       1.89323       1.09691       0.00841
5
CH4
C                       1.06500       -0.03334      -0.06826
H                       2.15270       -0.03336      -0.06828
H                       0.70244       -0.40563      0.88728
H                       0.70240       -0.67470      -0.86844
H                       0.70245       0.98033       -0.22360
5
CHF3
F                        2.02994       0.06507       0.44969
C                       0.95622       0.68554       0.92687
F                        0.00214       0.65036       0.00272
F                        0.52987       0.02773       1.99975
H                       1.19603       1.71250       1.18368
5
HCCCN
C                       -0.06994      0.00000       0.00000
C                       1.13400       0.00000       0.00000
C                       2.51944       0.00000       0.00000
N                       3.67699       0.00000       0.00000
H                       -1.13249      0.00000       0.00000
5
HCOOH
O                       1.91387       0.93294       1.88181
C                       0.97737       0.35633       1.11424
O                       1.14600       -0.02041      -0.00850
H                       2.71902       0.97498       1.35118
H                       0.03784       0.28176       1.66657
5
NSF3
S                        0.91078       0.71192       -0.08838
F                        0.78783       -0.52979      0.84133
N                       -0.21410      1.36653       -0.65006
F                        1.92290       1.42910       0.85109
F                        2.03148       0.06685       -0.95397
5
SiF4
Si                       1.28030       1.36986       1.02888
F                        0.01177       1.42028       1.94531
F                        1.30672       0.01277       0.24839
F                        2.56749       1.48896       1.91235
F                        1.23521       2.55743       0.00947
5
SiH4
Si                       0.91826       0.01184       -0.05630
H                       0.42440       -1.38376      -0.11454
H                       0.42442       0.65918       1.18146
H                       0.42442       0.76007       -1.23581
H                       2.39980       0.01186       -0.05630
6
C2F4
C                       0.00000       -0.00000      0.66006
C                       0.00000       -0.00000      -0.66006
F                        0.00000       1.09539       1.38165
F                        0.00000       -1.09539      1.38165
F                        0.00000       -1.09539      -1.38165
F                        0.00000       1.09539       -1.38165
6
C2H4
C                       0.93063       -0.03468      -0.07143
C                       2.26180       -0.03496      -0.07125
H                       0.36559       0.68045       -0.65369
H                       0.36514       -0.74965      0.51060
H                       2.82729       0.67998       -0.65331
H                       2.82684       -0.75013      0.51098
6
CF3CN
C                       1.14738       0.93625       1.20598
C                       2.57651       1.01351       0.79803
F                        2.80233       2.14146       0.14524
F                        2.87964       -0.00436      0.00972
F                        3.35648       0.97420       1.86550
N                       0.04065       0.87634       1.52185
6
CH2CF2
C                       0.00000       0.00000       1.38111
C                       0.00000       0.00000       0.06276
H                       0.00000       0.93584       1.91099
H                       0.00000       -0.93584      1.91099
F                        0.00000       1.07545       -0.69313
F                        0.00000       -1.07545      -0.69313
6
CH3CN
C                       0.40788       0.89538       0.51958
C                       1.87107       0.94253       0.48952
N                       3.02470       0.97972       0.46582
H                       -0.00008      1.77587       0.02860
H                       0.05646       0.00515       0.00310
H                       0.06038       0.86944       1.54979
6
CH3NC
C                       0.88864       0.06060       -0.02140
N                       2.05735       0.06060       -0.02139
C                       3.48138       0.06060       -0.02138
H                       3.84465       0.62707       -0.87492
H                       3.84464       -0.96183      -0.08518
H                       3.84463       0.51656       0.89598
6
CH3OH
H                       0.23775       0.84271       1.59450
C                       0.67491       0.98581       0.60296
H                       -0.02392      1.56450       0.00376
H                       0.80229       0.00847       0.13040
O                       1.88471       1.71982       0.65121
H                       2.50916       1.22029       1.17637
6
CH3SH
C                       0.81175       0.99095       0.88181
H                       -0.00268      0.29476       0.69632
H                       0.95427       1.60660       -0.00172
H                       0.55473       1.61106       1.73585
S                        2.28440       -0.02380      1.22303
H                       3.13583       0.99113       1.41621
6
CHFCF2
C                       -0.00357      0.42732       0.00000
C                       -0.70835      -0.69102      0.00000
F                        1.30365       0.49682       0.00000
F                        -0.55830      1.61843       0.00000
F                        -0.09997      -1.87956      0.00000
H                       -1.78325      -0.70080      0.00000
6
Z-CHF=CHF
C                       0.50837       0.86958       0.00000
C                       1.83203       0.86958       0.00000
F                        2.55238       -0.25180      0.00000
F                        -0.21198      -0.25180      0.00000
H                       -0.06715      1.78052       0.00000
H                       2.40755       1.78052       0.00000
6
Cl2CCF2
F                        1.00789       0.14709       -0.00106
C                       2.31149       0.07362       0.05954
C                       2.97518       -0.81313      0.79101
Cl                       4.69334       -0.83580      0.80974
Cl                       2.14159       -1.97238      1.74717
F                        2.88081       0.98130       -0.68910
6
Chloroethene
C                       1.80681       0.90275       0.75819
C                       0.75320       0.81359       1.55821
Cl                       0.40707       1.97687       2.79950
H                       2.51542       1.71397       0.83282
H                       1.96743       0.14386       0.00611
H                       0.02757       0.01726       1.50606
6
Fluoroethene
C                       2.16199       1.96769       0.09162
C                       0.99736       1.34201       0.05044
F                        0.90433       0.00589       0.06615
H                       3.09160       1.42189       0.14070
H                       2.17973       3.04575       0.07665
H                       0.03038       1.82027       0.00124
6
H2CCCl2
C                       0.96567       0.54675       0.51728
C                       1.19915       1.74109       1.04434
Cl                       2.74059       2.51956       0.94928
Cl                       -0.01318      2.64612       1.88234
H                       1.75202       0.01775       0.00296
H                       -0.01165      0.09883       0.60050
6
HCCCCH
C                       2.25045       0.03759       0.13288
C                       3.63145       0.06064       0.08240
C                       4.83716       0.08076       0.03828
C                       1.04473       0.01746       0.17693
H                       5.89833       0.09852       -0.00052
H                       -0.01643      -0.00027      0.21573
6
HCCCHO
O                       0.94927       -0.00691      -0.02685
C                       2.15256       -0.06536      -0.06159
C                       2.88812       -1.14760      -0.70498
C                       3.54134       -2.01861      -1.22279
H                       2.78238       0.70792       0.39812
H                       4.10153       -2.79445      -1.68402
6
HCONH2
N                       33.99398      0.01746       0.00000
C                       32.79842      0.65929       0.00000
O                       31.72051      0.11408       0.00000
H                       34.85413      0.52737       0.00000
H                       34.01223      -0.98503      0.00000
H                       32.91113      1.75353       0.00000
6
N2H4
N                       1.84949       0.96930       0.02945
N                       0.48138       0.93036       0.46456
H                       2.39206       1.31011       0.80937
H                       2.19149       0.04041       -0.18411
H                       -0.08875      1.02163       -0.36336
H                       0.25572       0.03519       0.88069
6
NCCCCN
C                       3.73436       0.05080       0.05198
C                       2.52924       0.07502       0.03522
C                       1.14676       0.10280       0.01599
C                       5.11684       0.02302       0.07121
N                       -0.01058      0.12609       -0.00013
N                       6.27418       -0.00023      0.08733
6
OCHCHO
C                       0.01089       0.75962       0.00000
C                       -0.01089      -0.75962      0.00000
H                       1.01503       1.21032       0.00000
H                       -1.01503      -1.21032      0.00000
O                       -1.00719      1.40147       0.00000
O                       1.00719       -1.40147      0.00000
7
Acrylonitrile
C                       1.14212       0.84793       0.15617
C                       2.57401       0.96023       0.06763
C                       3.19514       2.14076       0.06608
N                       -0.00702      0.73964       0.22672
H                       3.12050       0.03070       0.00228
H                       4.27159       2.19280       -0.00142
H                       2.64496       3.06812       0.13165
7
CH2CCH2
C                       0.00000       0.00000       -0.00000
C                       0.00000       0.00000       1.30785
C                       0.00000       0.00000       -1.30785
H                       -0.00000      0.92762       1.86335
H                       0.00000       -0.92762      1.86335
H                       0.92762       -0.00000      -1.86335
H                       -0.92762      0.00000       -1.86335
7
CH3CCH
C                       0.38174       0.84388       0.59044
C                       1.84642       0.84457       0.60927
C                       3.05076       0.84512       0.62475
H                       0.00399       1.76607       0.15096
H                       0.00671       0.00615       0.00406
H                       -0.01418      0.75887       1.60153
H                       4.11168       0.84563       0.63839
7
CH3CClO
C                       0.01295       0.52837       -0.00000
C                       1.50252       0.70710       0.00000
O                       -0.81415      1.37414       -0.00000
Cl                       -0.45475      -1.20508      0.00000
H                       1.73506       1.76806       0.00000
H                       1.92279       0.22271       0.87937
H                       1.92279       0.22271       -0.87937
7
CH3NO2
C                       1.39488       -0.00961      0.00000
N                       -0.09288      -0.00660      -0.00000
H                       1.73295       -1.03747      -0.00000
H                       1.71561       0.52618       0.88731
H                       1.71561       0.52618       -0.88731
O                       -0.63037      1.08164       -0.00000
O                       -0.65790      -1.08031      0.00000
7
Cyclopropene
C                       -0.00000      0.00000       0.86153
C                       0.00000       0.64700       -0.50098
C                       -0.00000      -0.64700      -0.50098
H                       0.00000       1.57574       -1.03842
H                       -0.00000      -1.57574      -1.03842
H                       0.91124       0.00000       1.45223
H                       -0.91124      -0.00000      1.45223
7
Ethylene oxide
O                       -0.00000      -0.00000      0.85211
C                       0.00000       0.73191       -0.36890
C                       0.00000       -0.73191      -0.36890
H                       -0.91759      1.26322       -0.58780
H                       0.91759       1.26322       -0.58780
H                       0.91759       -1.26322      -0.58780
H                       -0.91759      -1.26322      -0.58780
7
Thiirane
S                        0.00000       0.00000       0.86960
C                       -0.00000      0.74126       -0.79271
C                       -0.00000      -0.74126      -0.79271
H                       -0.91297      1.24840       -1.06869
H                       0.91297       1.24840       -1.06869
H                       0.91297       -1.24840      -1.06869
H                       -0.91297      -1.24840      -1.06869
7
HCCCCCN
C                       1.02102       -0.05600      -0.07180
C                       2.22769       -0.05600      -0.07180
C                       3.60435       -0.05600      -0.07180
C                       4.81305       -0.05600      -0.07180
C                       6.19410       -0.05600      -0.07180
N                       7.35250       -0.05600      -0.07180
H                       -0.04151      -0.05600      -0.07180
7
SF6
S                        0.00000       -0.00000      -0.00000
F                        0.00000       0.00000       1.56281
F                        0.00000       1.56281       0.00000
F                        1.56281       -0.00000      -0.00000
F                        0.00000       -1.56281      0.00000
F                        -1.56281      -0.00000      -0.00000
F                        0.00000       0.00000       -1.56281
8
Acrolein
C                       0.84073       1.19034       1.60547
C                       1.76641       2.22305       1.09372
C                       2.86126       2.55128       1.78207
O                       -0.16686      0.84213       1.03850
H                       1.13723       0.74166       2.57076
H                       1.51021       2.68625       0.15061
H                       3.55683       3.30018       1.43239
H                       3.08650       2.06855       2.72511
8
CH3CCCN
C                       19.95686      0.00003       -0.00003
C                       21.16265      0.00011       0.00005
C                       18.49653      0.00003       -0.00011
C                       22.54615      0.00007       0.00003
N                       23.70430      0.00005       0.00003
H                       18.11955      1.02159       0.00012
H                       18.11958      -0.51052      -0.88494
H                       18.11949      -0.51095      0.88444
8
CH3CH2Cl
C                       1.59537       -0.35807      0.00059
C                       0.47312       0.65936       0.00229
H                       2.55707       0.15781       0.00323
H                       1.54324       -0.98968      -0.88456
H                       1.54115       -0.99484      0.88190
Cl                       -1.13237      -0.14858      -0.00293
H                       0.50079       1.29261       -0.87949
H                       0.49793       1.28670       0.88837
8
CH3CH3
H                       0.54578       1.76301       0.00230
C                       0.71834       0.89796       0.64312
H                       0.49630       0.00424       0.05944
H                       0.00065       0.94478       1.46254
C                       2.15234       0.87454       1.16529
H                       2.32513       0.00904       1.80542
H                       2.87004       0.82857       0.34583
H                       2.37411       1.76787       1.74966
8
CH3SiH3
C                       0.00000       0.00003       -1.24499
Si                       0.00000       0.00004       0.63626
H                       -0.00000      -1.01886      -1.63317
H                       -0.88238      0.50947       -1.63318
H                       0.88238       0.50947       -1.63318
H                       -0.00000      1.38980       1.15869
H                       -1.20355      -0.69487      1.15869
H                       1.20355       -0.69487      1.15869
8
CH4N2O
N                       0.93656       0.94552       -0.05173
C                       2.06632       1.74249       0.03284
N                       3.24920       1.03602       -0.11002
O                       2.02410       2.93790       0.21361
H                       0.09937       1.48500       -0.18558
H                       1.00481       0.14635       -0.65720
H                       3.24257       0.09098       0.23174
H                       4.04852       1.56831       0.18594
8
Ethylenimine
N                       -0.00335      0.84757       -0.21262
H                       -0.01503      1.40867       0.62967
C                       -0.73757      -0.40294      0.03205
C                       0.74220       -0.39326      0.04635
H                       -1.25136      -0.52238      0.97622
H                       -1.26120      -0.79285      -0.82860
H                       1.28786       -0.77669      -0.80349
H                       1.23874       -0.50582      1.00052
8
1,1-Dicyanoethylene
C                       51.08463      31.05771      0.00839
C                       49.89601      30.24100      0.04630
C                       49.32860      29.85143      -1.22160
C                       49.34480      29.86198      1.20495
N                       52.03669      31.71191      -0.01474
N                       48.86893      29.53580      -2.23353
H                       48.45676      29.24882      1.21505
H                       49.78098      30.16455      2.14457
8
Si2H6
Si                       2.58548       2.90879       1.20739
Si                       1.48264       0.83164       1.26470
H                       2.20092       3.66391       -0.01180
H                       4.05692       2.71074       1.19740
H                       2.22482       3.71798       2.39886
H                       1.86787       0.07599       2.48333
H                       1.84346       0.02221       0.07343
H                       0.01118       1.02953       1.27469
8
s-Tetrazine
C                       0.97524       1.84546       8.10383
N                       1.68532       0.72122       8.20243
N                       -0.35371      1.94321       8.05718
N                       1.00661       -0.40451      8.25952
N                       -1.03243      0.81748       8.11427
C                       -0.32234      -0.30676      8.21279
H                       1.53180       2.76857       8.05698
H                       -0.87890      -1.22987      8.25969
9
2-Propenoic acid
C                       2.69903       2.33705       0.22079
C                       1.82412       1.14599       0.36856
O                       0.52580       1.46742       0.19629
O                       2.19289       0.02688       0.60998
C                       4.01834       2.21986       0.35653
H                       2.21783       3.27874       0.00287
H                       0.03118       0.64724       0.30727
H                       4.67261       3.07311       0.25301
H                       4.45831       1.25681       0.57491
9
CH3CH2OH
C                       1.16433       -0.37302      0.00000
C                       -0.02683      0.56077       0.00000
O                       -1.20159      -0.23777      0.00000
H                       -1.95934      0.34707       -0.00000
H                       2.09539       0.19416       -0.00000
H                       1.14416       -1.01016      0.88336
H                       1.14416       -1.01016      -0.88336
H                       0.00356       1.20550       0.88407
H                       0.00356       1.20550       -0.88407
9
CH3CONH2
C                       1.60650       2.53716       0.78785
C                       1.89415       1.05540       0.90201
N                       1.80424       0.53640       2.15903
O                       2.18919       0.37917       -0.06095
H                       2.42682       3.00740       0.25072
H                       0.70254       2.66844       0.19533
H                       1.47661       3.02740       1.75088
H                       1.91878       -0.45321      2.27081
H                       1.47856       1.08119       2.93088
9
CH3OCH3
O                       0.00000       0.00000       0.59616
C                       0.00000       1.16043       -0.19736
C                       0.00000       -1.16043      -0.19736
H                       -0.00000      2.01762       0.47143
H                       -0.00000      -2.01762      0.47143
H                       0.88855       1.20775       -0.83702
H                       -0.88855      1.20775       -0.83702
H                       -0.88855      -1.20775      -0.83702
H                       0.88855       -1.20775      -0.83702
9
Cyclopropane
C                       0.00000       0.86916       -0.00000
C                       0.75270       -0.43455      0.00000
C                       -0.75270      -0.43455      0.00000
H                       0.00000       1.45160       0.90917
H                       1.25711       -0.72577      0.90917
H                       -1.25711      -0.72577      0.90917
H                       0.00000       1.45160       -0.90917
H                       1.25711       -0.72577      -0.90917
H                       -1.25711      -0.72577      -0.90917
9
Furan
C                       1.86328       2.62279       0.03082
C                       1.09179       1.51066       0.05842
O                       1.85828       0.38915       0.09340
C                       3.15175       0.80561       0.08803
C                       3.22435       2.15694       0.05047
H                       1.51683       3.64003       0.00051
H                       0.02933       1.35369       0.05778
H                       3.89488       0.03064       0.11350
H                       4.12201       2.74837       0.03827
9
Propene
C                       0.67751       0.99124       0.86489
C                       1.76721       1.97166       1.18419
C                       3.06774       1.68414       1.18517
H                       -0.01278      0.88772       1.70423
H                       0.09074       1.32558       0.00713
H                       1.08928       0.00858       0.63648
H                       1.45380       2.98108       1.42849
H                       3.81105       2.43211       1.42319
H                       3.42394       0.68959       0.94722
9
Thiophene
C                       2.99018       0.13897       0.90534
C                       1.56051       0.12910       0.92285
C                       3.52465       0.31596       2.14617
C                       1.05420       0.29883       2.17644
S                        2.30285       0.47298       3.35207
H                       3.58462       0.02005       0.01304
H                       0.94608       0.00191       0.04535
H                       4.56466       0.36275       2.41899
H                       0.02064       0.33127       2.47464
10
1,3-Butadiene
C                       0.98367       0.39733       0.96477
C                       1.77723       0.58423       2.02403
C                       3.18222       0.97677       1.92553
C                       3.97574       1.16380       2.98479
H                       -0.05091      0.10726       1.07773
H                       1.35461       0.53153       -0.04344
H                       1.38164       0.44348       3.02390
H                       3.57776       1.11766       0.92566
H                       5.01023       1.45421       2.87184
H                       3.60481       1.02954       3.99300
10
2-Propen-1-ol
C                       1.07761       1.10068       0.96508
C                       0.44365       -0.21797      0.63400
C                       0.64358       -1.33205      1.33640
O                       0.11258       2.12453       1.16141
H                       1.72647       0.98990       1.83943
H                       1.69536       1.44206       0.13452
H                       -0.22237      -0.22308      -0.22143
H                       1.29957       -1.33995      2.19817
H                       0.16930       -2.26585      1.06876
H                       -0.47437      1.83132       1.86016
10
2-Propenamide
C                       3.17412       1.92287       0.27851
C                       1.68526       2.04437       0.36328
N                       1.00955       0.91479       0.00397
O                       1.12093       3.06459       0.70035
C                       3.95240       2.94706       0.61945
H                       3.59664       0.98694       -0.06446
H                       0.01651       0.90336       0.14217
H                       1.48646       0.04326       -0.11339
H                       3.50332       3.87123       0.95556
H                       5.02952       2.88205       0.56804
10
CH3CCCH3
C                       0.00000       -0.00000      0.60252
C                       0.00000       -0.00000      -0.60252
C                       0.00000       -0.00000      2.06824
C                       -0.00000      -0.00000      -2.06824
H                       -0.00000      1.01878       2.45476
H                       -0.88229      -0.50939      2.45476
H                       0.88229       -0.50939      2.45476
H                       -0.00000      1.01878       -2.45476
H                       0.88229       -0.50939      -2.45476
H                       -0.88229      -0.50939      -2.45476
10
CH3COCH3
C                       2.11558       0.69103       0.94920
C                       1.08833       0.53133       2.04806
C                       1.47329       1.07287       3.40703
O                       0.01911       0.00193       1.85091
H                       3.04825       0.20172       1.23413
H                       2.33950       1.74845       0.79891
H                       1.73973       0.25985       0.02606
H                       2.39542       0.60224       3.75137
H                       0.67497       0.88622       4.11923
H                       1.66462       2.14516       3.33970
10
CH3NHCH3
N                       0.08939       -0.55494      -0.00000
H                       -0.65414      -1.23941      0.00000
C                       -0.01891      0.25569       1.20397
C                       -0.01891      0.25569       -1.20397
H                       -0.92580      0.87612       1.23975
H                       -0.92580      0.87612       -1.23975
H                       0.84118       0.92412       1.26476
H                       0.84118       0.92412       -1.26476
H                       -0.00399      -0.38545      2.08438
H                       -0.00399      -0.38545      -2.08438
10
CH3SOCH3
S                        0.00000       0.13078       0.44156
O                       -0.00000      1.39051       -0.36110
C                       1.34401       -0.88493      -0.21518
C                       -1.34401      -0.88493      -0.21518
H                       2.27373       -0.38276      0.04067
H                       -2.27373      -0.38276      0.04067
H                       1.31887       -1.87651      0.23443
H                       1.23736       -0.93734      -1.29740
H                       -1.31887      -1.87651      0.23443
H                       -1.23736      -0.93734      -1.29740
10
Cyclobutene
C                       0.00000       0.66989       0.81924
C                       -0.00000      -0.66989      0.81924
C                       0.00000       0.78365       -0.69531
C                       -0.00000      -0.78365      -0.69531
H                       0.00000       1.41350       1.60358
H                       -0.00000      -1.41350      1.60358
H                       0.88765       1.23867       -1.13476
H                       -0.88765      -1.23867      -1.13476
H                       -0.88765      1.23867       -1.13476
H                       0.88765       -1.23867      -1.13476
10
Pyrrole
N                       0.00000       0.00000       1.11806
H                       0.00000       0.00000       2.11840
C                       0.00000       1.12034       0.32958
C                       0.00000       -1.12034      0.32958
C                       0.00000       0.71304       -0.98102
C                       0.00000       -0.71304      -0.98102
H                       0.00000       2.10490       0.76122
H                       0.00000       -2.10490      0.76122
H                       0.00000       1.36015       -1.84030
H                       0.00000       -1.36015      -1.84030
10
Methoxyethene
O                       1.90204       1.16793       0.89485
C                       2.22659       2.45550       0.63531
C                       1.46001       3.53956       0.76728
C                       0.58546       0.95374       1.36374
H                       3.24639       2.52224       0.28383
H                       0.43992       3.51108       1.11501
H                       1.88152       4.49890       0.51331
H                       0.41461       1.48168       2.30442
H                       -0.15048      1.28661       0.62865
H                       0.48462       -0.11555      1.52220
10
Methylacrylonitrile
C                       49.00953      34.01410      0.00016
C                       48.24085      32.72093      -0.00000
C                       46.90853      32.62971      -0.00003
C                       49.03230      31.51084      -0.00006
N                       49.69676      30.56419      -0.00009
H                       48.32419      34.85900      0.00009
H                       49.65065      34.07920      0.87949
H                       49.65083      34.07921      -0.87904
H                       46.40822      31.67281      0.00023
H                       46.29934      33.52240      -0.00043
10
Pyrazine
C                       0.99055       1.04560       1.82344
C                       0.96717       0.33063       0.62919
N                       2.12882       1.43534       2.39767
N                       2.08151       -0.01068      -0.01815
C                       3.24318       1.09401       1.75034
C                       3.21979       0.37905       0.55610
H                       0.06962       1.30864       2.32620
H                       0.02774       0.02766       0.18676
H                       4.18260       1.39702       2.19275
H                       4.14071       0.11604       0.05331
10
Pyrimidine
C                       0.98553       1.83752       0.18301
C                       2.17420       1.12083       0.17313
C                       1.09496       3.21993       0.12270
N                       3.36683       1.71536       0.10935
N                       2.27369       3.84153       0.05829
C                       3.34423       3.04716       0.05546
H                       0.02651       1.34569       0.23491
H                       2.17603       0.03927       0.21745
H                       0.21594       3.85163       0.12590
H                       4.30558       3.54018       0.00350
11
Pyridine
C                       3.11837       3.37655       0.18821
C                       3.82879       2.18252       0.16169
C                       1.73100       3.32195       0.13043
C                       3.11776       0.98906       0.07879
C                       1.11884       2.07480       0.04882
N                       1.78577       0.91859       0.02232
H                       3.63265       4.32515       0.25216
H                       4.90797       2.16945       0.20404
H                       1.13187       4.22048       0.14766
H                       3.64379       0.04315       0.05656
H                       0.03979       2.00069       0.00283
11
1-Chloropropane
Cl                       1.73253       0.14874       -0.00000
C                       -0.00835      0.58892       0.00000
H                       -0.17565      1.19874       0.88440
H                       -0.17565      1.19874       -0.88440
C                       -0.89418      -0.64273      0.00000
H                       -0.66207      -1.24864      0.87667
H                       -0.66207      -1.24864      -0.87667
C                       -2.37064      -0.25230      -0.00000
H                       -2.62154      0.33931       0.88194
H                       -2.62154      0.33931       -0.88194
H                       -3.00635      -1.13705      -0.00000
11
Butenone
C                       0.90383       -0.04884      -0.15237
C                       2.39398       0.18274       -0.22334
O                       3.05438       -0.15074      -1.18228
C                       3.01124       0.85157       0.96632
C                       4.31895       1.10475       1.01375
H                       0.38699       0.90360       -0.02084
H                       0.66638       -0.66704      0.71541
H                       0.55849       -0.53557      -1.05955
H                       2.35797       1.12183       1.78622
H                       4.95188       0.82553       0.18241
H                       4.77382       1.58645       1.86739
11
CH3CH2CH3
C                       -0.00003      0.59393       0.00006
C                       -1.26688      -0.25697      0.00002
C                       1.26685       -0.25690      -0.00002
H                       -0.00004      1.24847       0.87465
H                       -0.00006      1.24859       -0.87443
H                       -2.16583      0.36012       0.00003
H                       2.16577       0.36023       -0.00003
H                       -1.30225      -0.90088      0.88087
H                       -1.30222      -0.90083      -0.88086
H                       1.30221       -0.90075      -0.88091
H                       1.30227       -0.90082      0.88082
12
Fulvene
C                       0.00000       0.00000       0.78037
C                       0.00000       -0.00000      2.11910
C                       0.00000       1.17802       -0.10736
C                       0.00000       -1.17802      -0.10736
C                       0.00000       0.73993       -1.38212
C                       0.00000       -0.73993      -1.38212
H                       0.00000       0.92469       2.68031
H                       0.00000       -0.92469      2.68031
H                       0.00000       2.20004       0.23551
H                       0.00000       -2.20004      0.23551
H                       0.00000       1.35168       -2.27064
H                       0.00000       -1.35168      -2.27064
12
Vinyl acetate
O                       2.13389       2.83427       0.84283
C                       1.08460       2.03488       0.51216
C                       2.23123       4.05195       0.19672
C                       1.13786       0.76276       1.30708
O                       0.25068       2.32488       -0.29879
C                       3.23506       4.87122       0.47806
H                       1.44860       4.24984       -0.51734
H                       1.10657       0.99598       2.37016
H                       2.07673       0.24824       1.10896
H                       0.29847       0.13178       1.03562
H                       3.30194       5.81837       -0.03265
H                       3.98866       4.61354       1.20699
12
Methyl prop-2-enoate
C                       4.07038       1.01541       1.29166
C                       2.65303       0.79838       0.89867
O                       2.24354       1.75507       0.05030
O                       1.95194       -0.10448      1.27737
C                       4.67247       0.17410       2.12973
C                       0.88662       1.62250       -0.38055
H                       4.57185       1.87331       0.86883
H                       5.70147       0.31555       2.42688
H                       4.13260       -0.67309      2.52939
H                       0.70769       2.45587       -1.05184
H                       0.74197       0.67699       -0.89857
H                       0.21073       1.66577       0.47071
12
Benzene
C                       3.28912       3.39028       0.23462
C                       1.90418       3.53472       0.22378
C                       3.85737       2.12114       0.16126
C                       1.08750       2.41002       0.13955
C                       3.04069       0.99643       0.07700
C                       1.65575       1.14086       0.06627
H                       3.92314       4.26345       0.30000
H                       1.46302       4.52002       0.28081
H                       4.93256       2.00899       0.16986
H                       0.01231       2.52216       0.13107
H                       3.48185       0.01113       0.02009
H                       1.02172       0.26769       0.00099
13
Isoprene
C                       1.78517       2.19330       1.41307
C                       3.24918       2.13938       1.54038
C                       3.93923       0.81796       1.33874
C                       3.93175       3.25469       1.82991
C                       0.99595       1.15233       1.12877
H                       1.33580       3.16789       1.56718
H                       3.74127       0.42363       0.34031
H                       3.58114       0.07809       2.05690
H                       5.01568       0.92256       1.46026
H                       5.00843       3.24882       1.93009
H                       3.42445       4.19966       1.97302
H                       1.39243       0.15966       0.96597
H                       -0.07530      1.27171       1.05200
13
NC3H9
N                       -0.00001      0.00002       -0.40079
C                       -0.97349      -0.97352      0.06017
C                       1.32984       -0.35628      0.06017
C                       -0.35637      1.32984       0.06017
H                       -1.02774      -1.02777      1.16010
H                       1.40394       -0.37614      1.16010
H                       -0.37622      1.40394       1.16011
H                       -1.96241      -0.71342      -0.31684
H                       -0.71335      -1.96242      -0.31684
H                       1.59905       -1.34275      -0.31685
H                       2.05618       0.36347       -0.31683
H                       0.36334       2.05622       -0.31684
H                       -1.34286      1.59900       -0.31683
12
2-Methylpropene
C                       0.96281       0.99285       1.37897
C                       2.09921       1.89140       0.97395
C                       3.47158       1.43048       1.38257
C                       1.90274       3.02327       0.29605
H                       1.08303       -0.00076      0.94057
H                       0.94344       0.86095       2.46340
H                       0.00168       1.39504       1.06316
H                       3.53698       1.33294       2.46887
H                       3.68852       0.44567       0.96194
H                       4.24249       2.12435       1.05166
H                       2.73005       3.65932       0.01104
H                       0.90966       3.34218       0.00912
14
Isobutane
C                       0.00000       0.00001       0.38707
H                       0.00000       0.00000       1.48116
C                       -0.00000      1.45145       -0.08879
C                       1.25699       -0.72571      -0.08880
C                       -1.25699      -0.72571      -0.08880
H                       -0.00000      1.49417       -1.18090
H                       1.29398       -0.74706      -1.18091
H                       -1.29398      -0.74706      -1.18091
H                       0.88313       1.98514       0.26602
H                       -0.88313      1.98514       0.26602
H                       1.27761       -1.75738      0.26600
H                       2.16075       -0.22775      0.26602
H                       -2.16075      -0.22775      0.26602
H                       -1.27761      -1.75738      0.26600
15
2-Vinylpyridine
C                       2.34349       -4.72016      0.51626
C                       3.37877       -3.93404      0.21657
C                       3.29279       -2.46587      0.08179
C                       4.43615       -1.73022      -0.23561
N                       2.09850       -1.88566      0.27294
C                       4.34348       -0.34955      -0.35984
C                       2.02444       -0.56381      0.15091
C                       3.10915       0.25322       -0.16262
H                       2.46530       -5.79042      0.60151
H                       1.36216       -4.29862      0.67938
H                       4.35903       -4.36613      0.05525
H                       5.37845       -2.23908      -0.38108
H                       5.21592       0.23986       -0.60493
H                       1.04604       -0.12811      0.31172
H                       2.98064       1.32208       -0.24684
16
Styrene
C                       0.38041       2.18774       0.79338
C                       1.39572       1.67484       1.49299
C                       2.77865       2.18600       1.55113
C                       3.71354       1.51103       2.33947
C                       3.19944       3.32227       0.84921
C                       5.03134       1.95110       2.42921
C                       4.51223       3.76397       0.93623
C                       5.43555       3.08024       1.72702
H                       0.48592       3.06799       0.17449
H                       -0.59701      1.72872       0.82563
H                       1.21205       0.78873       2.09043
H                       3.40318       0.63121       2.88794
H                       2.49877       3.86563       0.23153
H                       5.73738       1.41259       3.04573
H                       4.81848       4.64345       0.38703
H                       6.45719       3.42680       1.79250
